1.000000000000000000e+02 2.229077374122788946e+00 2.529796455802149624e-01
2.000000000000000000e+02 1.443426855119543939e+00 1.149635450994343916e-01
3.000000000000000000e+02 1.240514754804318498e+00 8.578116064431261234e-02
4.000000000000000000e+02 1.177200489017028451e+00 4.004157154337371904e-02
5.000000000000000000e+02 1.143029996280333194e+00 3.299188451070499822e-02
6.000000000000000000e+02 1.148239450728849587e+00 3.032607353604211894e-02
7.000000000000000000e+02 1.154119980395893696e+00 2.613725084344517210e-02
8.000000000000000000e+02 1.132205825624392759e+00 2.139530371586470872e-02
9.000000000000000000e+02 1.145026447327837538e+00 1.986022929128813258e-02
1.000000000000000000e+03 1.131391927580694290e+00 1.776714870261353330e-02
1.100000000000000000e+03 1.132534939245234185e+00 1.729838275259421715e-02
1.200000000000000000e+03 1.147363730481783861e+00 1.608776749609214587e-02
1.300000000000000000e+03 1.164360535923902207e+00 1.629636642377675984e-02
1.400000000000000000e+03 1.138385652887865085e+00 1.510685001463085188e-02
1.500000000000000000e+03 1.141824148298715258e+00 1.414408668487334743e-02
1.600000000000000000e+03 1.141347505006606200e+00 1.336578497824287767e-02
1.700000000000000000e+03 1.142547733415490763e+00 1.272707334625937034e-02
1.800000000000000000e+03 1.135801337658130850e+00 1.221024995548573855e-02
1.900000000000000000e+03 1.131277349659036480e+00 1.173368278463558789e-02
2.000000000000000000e+03 1.123568694278318292e+00 1.150773273749813863e-02
2.100000000000000000e+03 1.148607706013275997e+00 1.078216762089458103e-02
2.200000000000000000e+03 1.143800391033300556e+00 1.002651080887978496e-02
2.300000000000000000e+03 1.137963734196751897e+00 9.995382956672606289e-03
2.400000000000000000e+03 1.165974082831638281e+00 9.952427831251796364e-03
2.500000000000000000e+03 1.119989979325044294e+00 8.921335053581686686e-03
2.600000000000000000e+03 1.167638578294497798e+00 9.448424024107600003e-03
2.700000000000000000e+03 1.150520374182389061e+00 8.455554029381903702e-03
2.800000000000000000e+03 1.128675662768478638e+00 8.231219455701812779e-03
2.900000000000000000e+03 1.150787863407903622e+00 7.753299887486088046e-03
3.000000000000000000e+03 1.166655290899186515e+00 8.080580974904124844e-03
3.100000000000000000e+03 1.171116339206888401e+00 7.316219839907391574e-03
3.200000000000000000e+03 1.115844548846484097e+00 7.873673621004023682e-03
3.300000000000000000e+03 1.146186012563406464e+00 7.073586226114452445e-03
3.400000000000000000e+03 1.125012159374231047e+00 6.787162994671037605e-03
3.500000000000000000e+03 1.134993100113323106e+00 6.894348861841557985e-03
3.600000000000000000e+03 1.143919247639600512e+00 6.085722385767089286e-03
3.700000000000000000e+03 1.137890174677897104e+00 6.271554473759239669e-03
3.800000000000000000e+03 1.139135485978528095e+00 5.803387033224914268e-03
3.900000000000000000e+03 1.161943102790192750e+00 5.677222881387129945e-03
4.000000000000000000e+03 1.136787976008747147e+00 6.038705724738442117e-03
4.100000000000000000e+03 1.121229557271552046e+00 6.012432306197736283e-03
4.200000000000000000e+03 1.156975903502836855e+00 4.990680138061589013e-03
4.300000000000000000e+03 1.115535089310474071e+00 4.767930103422379252e-03
4.400000000000000000e+03 1.118650475730316174e+00 4.474918935702105680e-03
4.500000000000000000e+03 1.144969021462746372e+00 5.559154152989909982e-03
4.600000000000000000e+03 1.138411448599574660e+00 5.352069265101250077e-03
4.700000000000000000e+03 1.142982496236785606e+00 5.306565179931903645e-03
4.800000000000000000e+03 1.131630289795994670e+00 4.859934714513921769e-03
4.900000000000000000e+03 1.144344916159447223e+00 5.663084641736082329e-03
5.000000000000000000e+03 1.145571711076021959e+00 3.892824566861052046e-03
5.100000000000000000e+03 1.139507544313797860e+00 4.700190387146414676e-03
5.200000000000000000e+03 1.150286986129643196e+00 4.330453714108176838e-03
5.300000000000000000e+03 1.121673729187639523e+00 3.814202960285665699e-03
5.400000000000000000e+03 1.134983399988624742e+00 4.255951296500169907e-03
5.500000000000000000e+03 1.144929311859994359e+00 4.625326067261386481e-03
5.600000000000000000e+03 1.124399538637468332e+00 3.541529728700426680e-03
5.700000000000000000e+03 1.135454157739952619e+00 3.624945657294612045e-03
5.800000000000000000e+03 1.153047078504284340e+00 3.964985379876052353e-03
5.900000000000000000e+03 1.137314898859786760e+00 3.669070431140816595e-03
6.000000000000000000e+03 1.145545784986217619e+00 3.192112609246981411e-03
6.100000000000000000e+03 1.136916161563227279e+00 3.307730522331690966e-03
6.200000000000000000e+03 1.128955431309619950e+00 3.030180858853710746e-03
6.300000000000000000e+03 1.113690100657722226e+00 3.177565685896082369e-03
6.400000000000000000e+03 1.150944974145158062e+00 3.717091132971016201e-03
6.500000000000000000e+03 1.119192975685561642e+00 3.987424658804588837e-03
6.600000000000000000e+03 1.145291625958997805e+00 3.485760536002724484e-03
6.700000000000000000e+03 1.175357392540312240e+00 3.265760365919175966e-03
6.800000000000000000e+03 1.105185573133448118e+00 3.534536264704494883e-03
6.900000000000000000e+03 1.128556815100485444e+00 4.010632040684671863e-03
7.000000000000000000e+03 1.155103048223458995e+00 3.212164928496651518e-03
7.100000000000000000e+03 1.155942279024525732e+00 2.817071678836710787e-03
7.200000000000000000e+03 1.144563767211280281e+00 2.560719771173463125e-03
7.300000000000000000e+03 1.142976908722550977e+00 2.463340063654332734e-03
7.400000000000000000e+03 1.126743377469553886e+00 2.833822075421844715e-03
7.500000000000000000e+03 1.143644928276269068e+00 3.422444683450754071e-03
7.600000000000000000e+03 1.125600363564511319e+00 3.478877563582670994e-03
7.700000000000000000e+03 1.160959720816673757e+00 3.123324451511927911e-03
7.800000000000000000e+03 1.150259463173192831e+00 3.097975615557226059e-03
7.900000000000000000e+03 1.130675757512823010e+00 2.842596965938168612e-03
8.000000000000000000e+03 1.135199922430732311e+00 2.556989323140519948e-03
8.100000000000000000e+03 1.131660440502925358e+00 2.266335915365768391e-03
8.200000000000000000e+03 1.128395508922665824e+00 3.578201763685290825e-03
8.300000000000000000e+03 1.141391788400883733e+00 2.699734442011143473e-03
8.400000000000000000e+03 1.118493744937786749e+00 3.059547016615274395e-03
8.500000000000000000e+03 1.146457047154300302e+00 2.969368405912348879e-03
8.600000000000000000e+03 1.126942374971188654e+00 3.145340272939407128e-03
8.700000000000000000e+03 1.132258795989990352e+00 4.360317557278300601e-03
8.800000000000000000e+03 1.145844260206775544e+00 4.421110772240982763e-03
8.900000000000000000e+03 1.127272944027244872e+00 2.507274484859057725e-03
9.000000000000000000e+03 1.138068023881958934e+00 2.603289513282339325e-03
9.100000000000000000e+03 1.157608899897297983e+00 3.202581208096800126e-03
9.200000000000000000e+03 1.130880535894315031e+00 2.859777635410060050e-03
9.300000000000000000e+03 1.150606739381776489e+00 3.419645096629730929e-03
9.400000000000000000e+03 1.158201618465372285e+00 2.156304737252677690e-03
9.500000000000000000e+03 1.160841380059526085e+00 2.743851691650078632e-03
9.600000000000000000e+03 1.156840423012651442e+00 2.906965896126795668e-03
9.700000000000000000e+03 1.146120194422138638e+00 2.420526556464127482e-03
9.800000000000000000e+03 1.129038999011949151e+00 2.665290038827699583e-03
9.900000000000000000e+03 1.129802104398772489e+00 2.424728197198607830e-03
1.000000000000000000e+04 1.143567010817686525e+00 2.404606403328847421e-03
