1.000000000000000000e+02 4.595587995452142138e+00
2.000000000000000000e+02 4.089319349662777547e+00
3.000000000000000000e+02 3.855794328999623044e+00
4.000000000000000000e+02 3.878409171728436799e+00
5.000000000000000000e+02 3.837306719593821747e+00
6.000000000000000000e+02 3.828549679837327524e+00
7.000000000000000000e+02 3.883715302331717911e+00
8.000000000000000000e+02 3.874893222673006843e+00
9.000000000000000000e+02 3.834333803953338560e+00
1.000000000000000000e+03 3.835470526479554110e+00
