1.000000000000000000e+03 3.846662407646794790e+00
2.000000000000000000e+03 2.686229867623599098e-04
3.000000000000000000e+03 8.791311683733047018e-05
4.000000000000000000e+03 5.851875486757696603e-05
5.000000000000000000e+03 4.679273399531723909e-05
6.000000000000000000e+03 4.053926331156416159e-05
7.000000000000000000e+03 3.563817492350410761e-05
8.000000000000000000e+03 3.221617457652502074e-05
9.000000000000000000e+03 2.995340778549065313e-05
1.000000000000000000e+04 2.833783388677410539e-05
1.100000000000000000e+04 2.689145183826172888e-05
1.200000000000000000e+04 2.536629503062823809e-05
1.300000000000000000e+04 2.479589843131224850e-05
1.400000000000000000e+04 2.366679611651525779e-05
1.500000000000000000e+04 2.270308634851472962e-05
1.600000000000000000e+04 2.227463012145738979e-05
1.700000000000000000e+04 2.192544026628457461e-05
1.800000000000000000e+04 2.108200350919952522e-05
1.900000000000000000e+04 2.033614368220750597e-05
2.000000000000000000e+04 2.005185084178818036e-05
2.100000000000000000e+04 1.962961778332948215e-05
