1.000000000000000000e+02 1.691885120002861287e+00 2.000261455587336368e+00
2.000000000000000000e+02 1.680432398992123044e+00 2.048955688951873633e+00
3.000000000000000000e+02 1.680089662584826060e+00 2.046538160772263026e+00
4.000000000000000000e+02 1.672191273437562575e+00 2.067758441547003390e+00
5.000000000000000000e+02 1.671721640104000484e+00 2.059655031100368294e+00
6.000000000000000000e+02 1.671809844705786974e+00 2.059048470770916683e+00
7.000000000000000000e+02 1.669519239597030857e+00 2.047929343783788880e+00
8.000000000000000000e+02 1.667569384616193862e+00 2.061664714815411248e+00
9.000000000000000000e+02 1.657787820865622708e+00 2.073468677456513198e+00
1.000000000000000000e+03 1.666728296025483003e+00 2.042302038301671452e+00
1.100000000000000000e+03 1.662739578872780788e+00 2.048609313855431324e+00
1.200000000000000000e+03 1.661423918726167903e+00 2.082885490394414507e+00
1.300000000000000000e+03 1.680367574649398010e+00 2.059163964601481656e+00
1.400000000000000000e+03 1.659814266633256929e+00 2.060900664428958695e+00
1.500000000000000000e+03 1.655409168201373626e+00 2.066385154309552608e+00
1.600000000000000000e+03 1.648105165952917783e+00 2.066453751437868025e+00
1.700000000000000000e+03 1.661437096971058791e+00 2.051477290058087100e+00
1.800000000000000000e+03 1.644942819029657333e+00 2.075195467255887660e+00
1.900000000000000000e+03 1.640817831279149264e+00 2.097300289114853111e+00
2.000000000000000000e+03 1.653233356267766352e+00 2.084220186985553003e+00
2.100000000000000000e+03 1.638868018142118022e+00 2.090180794453909474e+00
2.200000000000000000e+03 1.637117701579479112e+00 2.093084866754369777e+00
2.300000000000000000e+03 1.641332255262837103e+00 2.106106548203653173e+00
2.400000000000000000e+03 1.619212841179789697e+00 2.119658762824350173e+00
2.500000000000000000e+03 1.627036400221189894e+00 2.082320790509414099e+00
2.600000000000000000e+03 1.633572129466364986e+00 2.132721491824339566e+00
2.700000000000000000e+03 1.628858795739764886e+00 2.119224801013009696e+00
2.800000000000000000e+03 1.646089750446475986e+00 2.111396811439965493e+00
2.900000000000000000e+03 1.623255053814421700e+00 2.168662723019701755e+00
3.000000000000000000e+03 1.615954445948335261e+00 2.150699084985159271e+00
3.100000000000000000e+03 1.619464651986930681e+00 2.150468288769229463e+00
3.200000000000000000e+03 1.630711909256489234e+00 2.163302507419420539e+00
3.300000000000000000e+03 1.616859728606220958e+00 2.153258094642025888e+00
3.400000000000000000e+03 1.613393412646429770e+00 2.173943671664270383e+00
3.500000000000000000e+03 1.628647838056622277e+00 2.149307793711902281e+00
3.600000000000000000e+03 1.611137163135425210e+00 2.191766905648983244e+00
3.700000000000000000e+03 1.617525644458567280e+00 2.154859440797327164e+00
3.800000000000000000e+03 1.617041318439441433e+00 2.193360308997895913e+00
3.900000000000000000e+03 1.600654598761410030e+00 2.173760619119918136e+00
4.000000000000000000e+03 1.610526867811994833e+00 2.196141747497008634e+00
4.100000000000000000e+03 1.597208133253828377e+00 2.191072741289794124e+00
4.200000000000000000e+03 1.623489894676004797e+00 2.172157701222007908e+00
4.300000000000000000e+03 1.597856962207516274e+00 2.199777069397852003e+00
4.400000000000000000e+03 1.631369302338617322e+00 2.198653372145078499e+00
4.500000000000000000e+03 1.600972123825152860e+00 2.162177613722187974e+00
4.600000000000000000e+03 1.606121522222825559e+00 2.160580034445143571e+00
4.700000000000000000e+03 1.621750928201933784e+00 2.190011123392562098e+00
4.800000000000000000e+03 1.621198616187386143e+00 2.170692256633044437e+00
4.900000000000000000e+03 1.620553384855029533e+00 2.189885931222186333e+00
5.000000000000000000e+03 1.610386377023858895e+00 2.180080232136735852e+00
5.100000000000000000e+03 1.602310397688268218e+00 2.197787270715270136e+00
5.200000000000000000e+03 1.599609629246549591e+00 2.174860827656096784e+00
5.300000000000000000e+03 1.599202783446456388e+00 2.191741098606532656e+00
5.400000000000000000e+03 1.622344930754357373e+00 2.165882884115820417e+00
5.500000000000000000e+03 1.614068538653670171e+00 2.191210181052536843e+00
5.600000000000000000e+03 1.596153988998471940e+00 2.185565796208668310e+00
5.700000000000000000e+03 1.601470999613950230e+00 2.183578839960208740e+00
5.800000000000000000e+03 1.603077227544789984e+00 2.194393974429382776e+00
5.900000000000000000e+03 1.615893349363188181e+00 2.200991550444733935e+00
6.000000000000000000e+03 1.605761402542994709e+00 2.189303188159413160e+00
6.100000000000000000e+03 1.620593909600915872e+00 2.181682850283606978e+00
6.200000000000000000e+03 1.612213730479226781e+00 2.197524012300756890e+00
6.300000000000000000e+03 1.619959537379096703e+00 2.182079969307334721e+00
6.400000000000000000e+03 1.594799944427480964e+00 2.184202557732365602e+00
6.500000000000000000e+03 1.595466034158644852e+00 2.177337988178500439e+00
6.600000000000000000e+03 1.596267253504252581e+00 2.178162729665276132e+00
6.700000000000000000e+03 1.616927543483570373e+00 2.186754482562550894e+00
6.800000000000000000e+03 1.608119507090147504e+00 2.196083703537818010e+00
6.900000000000000000e+03 1.602088000763354669e+00 2.167070249721396724e+00
7.000000000000000000e+03 1.594358099290748676e+00 2.210155140281673258e+00
7.100000000000000000e+03 1.600073304405481123e+00 2.188859583072881421e+00
7.200000000000000000e+03 1.606223207497095906e+00 2.191231452909540689e+00
7.300000000000000000e+03 1.592220126765429900e+00 2.181917589507657240e+00
7.400000000000000000e+03 1.617156730469704540e+00 2.192667807852711981e+00
7.500000000000000000e+03 1.606475262382090596e+00 2.174891544471506233e+00
7.600000000000000000e+03 1.649423369252553728e+00 2.194189364489678162e+00
7.700000000000000000e+03 1.612726840131809336e+00 2.186832298165231059e+00
7.800000000000000000e+03 1.598519959169323545e+00 2.196573634711417089e+00
7.900000000000000000e+03 1.592924730628673347e+00 2.172709243743911500e+00
8.000000000000000000e+03 1.623026767998511533e+00 2.189010885125735939e+00
8.100000000000000000e+03 1.599386397610512711e+00 2.173658649292501188e+00
8.200000000000000000e+03 1.604490328899306428e+00 2.171602203903248096e+00
8.300000000000000000e+03 1.600499334284517960e+00 2.198859313108735059e+00
8.400000000000000000e+03 1.596987606193668530e+00 2.198132344243203473e+00
8.500000000000000000e+03 1.610425127652964861e+00 2.189460293797059975e+00
8.600000000000000000e+03 1.602565599732709289e+00 2.178662620172158171e+00
8.700000000000000000e+03 1.608065067278132254e+00 2.168033602225279743e+00
8.800000000000000000e+03 1.599575467750466107e+00 2.161486401686045333e+00
8.900000000000000000e+03 1.602504228519357365e+00 2.166921396893633833e+00
9.000000000000000000e+03 1.624617488945965027e+00 2.198497002020348923e+00
9.100000000000000000e+03 1.624401883898702437e+00 2.171469815302468298e+00
9.200000000000000000e+03 1.595782366765722715e+00 2.175216158679575962e+00
9.300000000000000000e+03 1.598930779413655578e+00 2.173613403643231301e+00
9.400000000000000000e+03 1.603416620898428624e+00 2.197396654719478981e+00
9.500000000000000000e+03 1.607603000050449094e+00 2.181091175898417500e+00
9.600000000000000000e+03 1.603940143002671626e+00 2.178200731937068202e+00
9.700000000000000000e+03 1.617802512793377279e+00 2.195267870050105152e+00
9.800000000000000000e+03 1.594941626800703727e+00 2.194159449882895352e+00
9.900000000000000000e+03 1.621521382169369030e+00 2.185693816574092452e+00
1.000000000000000000e+04 1.614851605465733142e+00 2.182862543783974818e+00
