1.000000000000000000e+03 3.668805379905948350e-01
1.100000000000000000e+03 1.876977159014540653e-01
1.200000000000000000e+03 1.153749778833715323e-01
1.300000000000000000e+03 6.952328209001268355e-02
1.400000000000000000e+03 4.831567958652745187e-02
1.500000000000000000e+03 5.204350286821052968e-02
1.600000000000000000e+03 4.206844820759793324e-02
1.700000000000000000e+03 3.493838924795322765e-02
1.800000000000000000e+03 3.043034532920560128e-02
1.900000000000000000e+03 2.704382309537266271e-02
2.000000000000000000e+03 2.668325718400138546e-02
2.100000000000000000e+03 2.341925206732874826e-02
2.200000000000000000e+03 2.106053892092946134e-02
2.300000000000000000e+03 1.947601039606815590e-02
2.400000000000000000e+03 1.846737729890132740e-02
2.500000000000000000e+03 2.164503176691967914e-02
2.600000000000000000e+03 2.023581149570108373e-02
2.700000000000000000e+03 1.913442999611067452e-02
2.800000000000000000e+03 1.805291675424593525e-02
2.900000000000000000e+03 1.725716858359715652e-02
3.000000000000000000e+03 1.768212349615477103e-02
3.100000000000000000e+03 1.676943678810926056e-02
3.200000000000000000e+03 1.607783881195222822e-02
3.300000000000000000e+03 1.549584382095287732e-02
3.400000000000000000e+03 1.501439090550259897e-02
3.500000000000000000e+03 1.639559128812632938e-02
3.600000000000000000e+03 1.576526734908418811e-02
3.700000000000000000e+03 1.526778228002258556e-02
3.800000000000000000e+03 1.482669992849666371e-02
3.900000000000000000e+03 1.442343780946328709e-02
4.000000000000000000e+03 1.420733667118492805e-02
4.100000000000000000e+03 1.357841588632485372e-02
4.200000000000000000e+03 1.309088579107490699e-02
4.300000000000000000e+03 1.280570278183219834e-02
4.400000000000000000e+03 1.255161754418165909e-02
4.500000000000000000e+03 1.405569219183482738e-02
4.600000000000000000e+03 1.365753560806795726e-02
4.700000000000000000e+03 1.334541686691283723e-02
4.800000000000000000e+03 1.309193160213494543e-02
4.900000000000000000e+03 1.289593569956559715e-02
5.000000000000000000e+03 1.269155987277206452e-02
5.100000000000000000e+03 1.239579011511649995e-02
5.200000000000000000e+03 1.217562624956424963e-02
5.300000000000000000e+03 1.196585264494133202e-02
5.400000000000000000e+03 1.182326994153847823e-02
5.500000000000000000e+03 1.278384198599162233e-02
5.600000000000000000e+03 1.253024462347399753e-02
5.700000000000000000e+03 1.233765792628701598e-02
5.800000000000000000e+03 1.216724037312584203e-02
5.900000000000000000e+03 1.201534034890032292e-02
6.000000000000000000e+03 1.176187332228630783e-02
6.100000000000000000e+03 1.154244136877508910e-02
6.200000000000000000e+03 1.136417873654094017e-02
6.300000000000000000e+03 1.123909944866096494e-02
6.400000000000000000e+03 1.112912255183609589e-02
6.500000000000000000e+03 1.216344398589726435e-02
6.600000000000000000e+03 1.199817460625605091e-02
6.700000000000000000e+03 1.187082401076589890e-02
6.800000000000000000e+03 1.175245880053952217e-02
6.900000000000000000e+03 1.162422910302880752e-02
7.000000000000000000e+03 1.118426443457974304e-02
7.100000000000000000e+03 1.103395271930991163e-02
7.200000000000000000e+03 1.093996370307942501e-02
7.300000000000000000e+03 1.085884462374892695e-02
7.400000000000000000e+03 1.075896385859329354e-02
7.500000000000000000e+03 1.165628862432036873e-02
7.600000000000000000e+03 1.146591495983074506e-02
7.700000000000000000e+03 1.133870015766411110e-02
7.800000000000000000e+03 1.121841494163199580e-02
7.900000000000000000e+03 1.111666761200075758e-02
8.000000000000000000e+03 1.094876654607043059e-02
8.100000000000000000e+03 1.074288541427991656e-02
8.200000000000000000e+03 1.061895348343212114e-02
8.300000000000000000e+03 1.051657649248707513e-02
8.400000000000000000e+03 1.041530329696379112e-02
8.500000000000000000e+03 1.128091608887818453e-02
8.600000000000000000e+03 1.108429504022361012e-02
8.700000000000000000e+03 1.097882417869148856e-02
8.800000000000000000e+03 1.088256330119409011e-02
8.900000000000000000e+03 1.079428682386061357e-02
9.000000000000000000e+03 1.082972490823659942e-02
9.100000000000000000e+03 1.059671241348638174e-02
9.200000000000000000e+03 1.049404513021555754e-02
9.300000000000000000e+03 1.039204189507971984e-02
9.400000000000000000e+03 1.029186903125360944e-02
9.500000000000000000e+03 1.125688734676369256e-02
9.600000000000000000e+03 1.100975171826778023e-02
9.700000000000000000e+03 1.090284616780560698e-02
9.800000000000000000e+03 1.081256525502798799e-02
9.900000000000000000e+03 1.072736283618587125e-02
1.000000000000000000e+04 1.031665519388899610e-02
1.010000000000000000e+04 1.004953023607281504e-02
1.020000000000000000e+04 9.920015023741683008e-03
1.030000000000000000e+04 9.829525928761710316e-03
1.040000000000000000e+04 9.732476135205151216e-03
1.050000000000000000e+04 1.105530179674894461e-02
1.060000000000000000e+04 1.076319642233322139e-02
1.070000000000000000e+04 1.064499013266390938e-02
1.080000000000000000e+04 1.055182265428305372e-02
1.090000000000000000e+04 1.047575624349799707e-02
1.100000000000000000e+04 0.000000000000000000e+00
