1.000000000000000000e+02 1.199386637823878887e+00
2.000000000000000000e+02 1.058508354377303950e+00
3.000000000000000000e+02 1.028307608017560826e+00
4.000000000000000000e+02 1.008171221358203251e+00
5.000000000000000000e+02 1.002188689512490072e+00
6.000000000000000000e+02 1.004786292908593115e+00
7.000000000000000000e+02 1.003162809987581561e+00
8.000000000000000000e+02 9.984271262967888694e-01
9.000000000000000000e+02 9.949070692127167659e-01
1.000000000000000000e+03 9.931439153631425043e-01
