1.000000000000000000e+02 -3.340049093148184625e+02 2.653434835735367283e-03 1.808103499174958106e-01 2.143261273772108233e-01
2.000000000000000000e+02 -3.471091935767263408e+02 1.599854421497839290e-04 7.539091326168712026e-02 9.400322590196263928e-02
3.000000000000000000e+02 -3.433037423701258604e+02 5.744410442956818393e-05 5.973404557772825363e-02 7.482792395037762834e-02
4.000000000000000000e+02 -3.415365425011162870e+02 2.181412207047937394e-05 3.893168904966651939e-02 5.045478745840422524e-02
5.000000000000000000e+02 -3.442624757588217790e+02 2.944587740864912264e-06 2.514720387062181414e-02 3.111716575233138687e-02
6.000000000000000000e+02 -3.472476535145936509e+02 1.481196112306484029e-06 1.589215823219095047e-02 2.177022498761593122e-02
7.000000000000000000e+02 -3.482331125028266001e+02 1.182699956296135393e-06 1.169000060029957641e-02 1.802529930367839303e-02
8.000000000000000000e+02 -3.482424937662629532e+02 2.242346542805209651e-07 1.111993338286290135e-02 1.433502675114885910e-02
9.000000000000000000e+02 -3.508943331046202729e+02 1.177980392050139119e-07 9.734034657084276662e-03 1.282596605911114421e-02
1.000000000000000000e+03 -3.435985132158921260e+02 8.710501725319821888e-08 9.357779599929730990e-03 1.263284327643489184e-02
1.100000000000000000e+03 -3.438119234380158105e+02 7.096155785959750791e-08 7.646172946735904641e-03 1.015197877274539619e-02
1.200000000000000000e+03 -3.524899031921191295e+02 7.308223535003887778e-08 8.100886484747752206e-03 1.067510931120735015e-02
1.300000000000000000e+03 -3.476708677279092967e+02 2.054272309468284675e-08 6.323932194196012560e-03 8.201021887070234287e-03
1.400000000000000000e+03 -3.393384988616423357e+02 7.703799559768463208e-08 1.061185052023977220e-02 1.363835159428686272e-02
1.500000000000000000e+03 -3.553572108514698584e+02 4.840747214765927945e-08 9.439902842482804021e-03 1.166147251238164838e-02
1.600000000000000000e+03 -3.405047685076948483e+02 7.343830702902488176e-08 9.955899627859371090e-03 1.202352727987087734e-02
1.700000000000000000e+03 -3.480090551532405243e+02 6.914627138402910087e-08 8.844287448662949830e-03 1.167170248462383320e-02
1.800000000000000000e+03 -3.477941280257921335e+02 1.352593273375789481e-07 1.070410556930345876e-02 1.437161576126838418e-02
1.900000000000000000e+03 -3.459496738193809051e+02 2.269301174565084619e-08 8.157640641629760464e-03 1.072925038223833567e-02
2.000000000000000000e+03 -3.460684589145614609e+02 1.498828239512301156e-08 6.172806562485791751e-03 8.146031559022586660e-03
2.100000000000000000e+03 -3.499198812522034245e+02 9.855755006358946028e-08 1.179615421758891183e-02 1.386854968423880535e-02
2.200000000000000000e+03 -3.458814850312554086e+02 6.875147780400963307e-07 2.396853394008792437e-02 2.605937494511032654e-02
2.300000000000000000e+03 -3.505146890499428309e+02 3.828230571570427749e-07 2.036340758031236417e-02 2.190611194114167395e-02
2.400000000000000000e+03 -3.468713212016450598e+02 3.724332222205220981e-08 9.509251412392182717e-03 1.167966719694438736e-02
2.500000000000000000e+03 -3.506673677003732905e+02 4.673820167175670857e-07 1.606747399005750351e-02 1.936780894720558852e-02
2.600000000000000000e+03 -3.512187675815786179e+02 1.987601413883552853e-07 1.363688600346221920e-02 1.733253571107821675e-02
2.700000000000000000e+03 -3.505011481102919220e+02 4.703236191831049826e-08 8.551952346525974399e-03 1.103005257895847691e-02
2.800000000000000000e+03 -3.481786948604964209e+02 3.613527330334853473e-08 8.375421899412725801e-03 1.026498196260015178e-02
2.900000000000000000e+03 -3.531688626138950440e+02 1.748160409461990199e-07 1.455300443135346469e-02 1.624395342729454544e-02
3.000000000000000000e+03 -3.521859027529829405e+02 4.368339411219263862e-08 1.102183130943414427e-02 1.432711231489519621e-02
3.100000000000000000e+03 -3.487880394703472575e+02 4.401483524810900423e-08 1.069243605102981193e-02 1.272178244753434384e-02
3.200000000000000000e+03 -3.514901025828070260e+02 3.469887439122048850e-08 8.888480058065690095e-03 1.089255981664139991e-02
3.300000000000000000e+03 -3.522788203036741947e+02 1.323044526034461669e-07 1.332815796116681127e-02 1.761357389252489469e-02
3.400000000000000000e+03 -3.446803120933834634e+02 7.557297110629666446e-08 1.263391446946045445e-02 1.437470707583203902e-02
3.500000000000000000e+03 -3.490280747050917967e+02 3.875133534559560824e-08 8.281202113014514074e-03 1.104972960366389437e-02
3.600000000000000000e+03 -3.500425267710062371e+02 1.850977405458410252e-08 7.190761944086698949e-03 1.012959029416861216e-02
3.700000000000000000e+03 -3.478424445404770040e+02 4.108044547060516813e-07 1.357642748533508664e-02 1.717073206909276728e-02
3.800000000000000000e+03 -3.488433401507692224e+02 5.139760939945378878e-08 1.151088425107577203e-02 1.430080782757770994e-02
3.900000000000000000e+03 -3.467185480068038714e+02 3.640789481238424742e-08 9.307026633784475783e-03 1.125951073189485757e-02
4.000000000000000000e+03 -3.524775726858122198e+02 8.410610159493866529e-08 1.293001682881569046e-02 1.441225547029219810e-02
4.100000000000000000e+03 -3.569187624831466223e+02 1.545811663165590488e-07 1.437936902784112125e-02 1.797238743390133092e-02
4.200000000000000000e+03 -3.528164791141538785e+02 4.449051474473581380e-08 1.037110591625491247e-02 1.315341760191519709e-02
4.300000000000000000e+03 -3.438433434858098394e+02 2.376613690843501365e-08 7.814324893969725599e-03 9.582432216384132936e-03
4.400000000000000000e+03 -3.473268763464919289e+02 3.187485933744920830e-08 1.039562723264036460e-02 1.295993426832928695e-02
4.500000000000000000e+03 -3.406755683304463673e+02 1.118307043667944910e-07 1.260898209952524864e-02 1.612424301909810495e-02
4.600000000000000000e+03 -3.497918860555854508e+02 6.774214946432023103e-08 1.081041686376638805e-02 1.366261787754883411e-02
4.700000000000000000e+03 -3.402306934136349241e+02 4.403239765122819647e-07 1.386570091293594896e-02 1.769565647075608053e-02
4.800000000000000000e+03 -3.560268400791838417e+02 1.608013915445471857e-07 1.296160341939636522e-02 1.520512012809648386e-02
4.900000000000000000e+03 -3.528043201115733041e+02 1.581552785092791468e-07 1.264175523234814871e-02 1.542301937048434594e-02
5.000000000000000000e+03 -3.457991070431379512e+02 1.967370804457146883e-07 1.318304493813328947e-02 1.682691671951513923e-02
5.100000000000000000e+03 -3.516036660599157813e+02 1.206200220687509689e-07 1.213682113140882382e-02 1.521743931202410027e-02
5.200000000000000000e+03 -3.418083093798716163e+02 3.640383660754194542e-08 8.775024000201513477e-03 1.102892142917553595e-02
5.300000000000000000e+03 -3.429807023304738891e+02 1.905291621686359056e-08 7.167028138606436859e-03 8.844945134388925226e-03
5.400000000000000000e+03 -3.465283849716863642e+02 1.389571529096462450e-07 1.323410503938663059e-02 1.671124346980009875e-02
5.500000000000000000e+03 -3.523177246137180418e+02 1.713777279710853462e-07 1.528613015365515825e-02 1.782610658379448973e-02
5.600000000000000000e+03 -3.515015489489252332e+02 1.849736437180025403e-07 1.737503658954605776e-02 1.878563278774516773e-02
5.700000000000000000e+03 -3.463115065806491657e+02 2.342794533697187428e-07 1.493303505364595822e-02 1.914224307933629424e-02
5.800000000000000000e+03 -3.495574292866409678e+02 9.263998989143151675e-08 1.264153550255159471e-02 1.430972079055106184e-02
5.900000000000000000e+03 -3.476480739465375791e+02 1.678828440731716940e-07 1.475982190947925689e-02 1.704481166062793776e-02
6.000000000000000000e+03 -3.461992248284986431e+02 8.349369895246055881e-07 2.420872479853299758e-02 2.727803179211648818e-02
6.100000000000000000e+03 -3.480347358297095184e+02 3.599913399300771389e-07 1.795578800653054377e-02 2.081580333935081212e-02
6.200000000000000000e+03 -3.457261053063618874e+02 1.027694518426483674e-07 1.138309234008499232e-02 1.410170341087956490e-02
6.300000000000000000e+03 -3.484129224333411798e+02 2.003325238253887820e-08 8.690326238011610374e-03 1.001264091268244151e-02
6.400000000000000000e+03 -3.501014287483173462e+02 1.485317299861432254e-07 1.477445970892575337e-02 1.715936308097312443e-02
6.500000000000000000e+03 -3.526181927020120384e+02 2.933944171503865214e-08 6.564812595217872984e-03 8.200867656890542534e-03
6.600000000000000000e+03 -3.525795310782489764e+02 6.805751094671839763e-08 8.975239108062606913e-03 1.187016683083237656e-02
6.700000000000000000e+03 -3.447798320623980999e+02 3.117352421270305464e-07 1.830393483737716848e-02 2.122536761302541708e-02
6.800000000000000000e+03 -3.464525957384217918e+02 8.511228247560778753e-08 1.064200622440296916e-02 1.262933009695031521e-02
6.900000000000000000e+03 -3.463430750155476403e+02 1.294586533555327159e-07 1.305474116674632847e-02 1.541401835364604456e-02
7.000000000000000000e+03 -3.547952976356212957e+02 3.892618888960965491e-08 8.576756912636651631e-03 1.050653968480449486e-02
7.100000000000000000e+03 -3.436258459767024078e+02 9.414138972949451692e-08 9.679948532046204687e-03 1.222227576190590068e-02
7.200000000000000000e+03 -3.530314797223804248e+02 4.066524361707071696e-08 9.158969251333892378e-03 1.150525405789442485e-02
7.300000000000000000e+03 -3.551579881786830697e+02 4.271537869912846492e-08 9.499898092014224041e-03 1.138721332570178171e-02
7.400000000000000000e+03 -3.464365837853991366e+02 7.299535192238306815e-08 1.120888829296678643e-02 1.291823089490251944e-02
7.500000000000000000e+03 -3.417265634302398780e+02 9.753427765727307328e-08 1.091789008356120610e-02 1.425407309006822623e-02
7.600000000000000000e+03 -3.478069220998043534e+02 5.858949819730435013e-09 5.823539184029081009e-03 7.212421104671224055e-03
7.700000000000000000e+03 -3.569818958115338319e+02 1.466048011716876766e-07 1.255669506828139236e-02 1.617326708837455579e-02
7.800000000000000000e+03 -3.497070867058037038e+02 4.793100772607107689e-08 1.156682959137216894e-02 1.315555275013424383e-02
7.900000000000000000e+03 -3.463518893016556035e+02 1.132551422503615943e-07 1.185380873176754626e-02 1.431743213290014027e-02
8.000000000000000000e+03 -3.519531318887608791e+02 7.035931874534783675e-08 1.059769191429063041e-02 1.234351189383012248e-02
8.100000000000000000e+03 -3.445446519681933637e+02 1.995818690540994398e-08 8.794241082726587250e-03 1.035815251964187361e-02
8.200000000000000000e+03 -3.538546576486847357e+02 8.864418217319871094e-08 1.146623206060617614e-02 1.389845879555664382e-02
8.300000000000000000e+03 -3.454563757784815721e+02 1.911829409012673215e-07 1.272848940373618246e-02 1.624558924897446383e-02
8.400000000000000000e+03 -3.581952561900215528e+02 8.244044239899535054e-09 6.589505979764043175e-03 8.095926756657130866e-03
8.500000000000000000e+03 -3.499311506880035267e+02 1.082617928867032259e-07 1.011347602933284663e-02 1.335122426559890926e-02
8.600000000000000000e+03 -3.428068005157279003e+02 9.314846365556817069e-08 1.225207108713830158e-02 1.495092498356754250e-02
8.700000000000000000e+03 -3.484239424864449575e+02 2.914629932713080363e-07 1.493066660696805957e-02 1.869545127887361699e-02
8.800000000000000000e+03 -3.446663739114069358e+02 1.178714506068632815e-07 1.578151076286744489e-02 1.757794574230174198e-02
8.900000000000000000e+03 -3.515488933565795833e+02 1.400563763117022030e-07 1.450827772852626187e-02 1.700358245914676547e-02
9.000000000000000000e+03 -3.520124614569928099e+02 8.940582878450956571e-08 1.290132080399524449e-02 1.510493103195677950e-02
9.100000000000000000e+03 -3.474400297679128471e+02 1.924912323752162404e-07 1.357750107624827209e-02 1.605296166917594483e-02
9.200000000000000000e+03 -3.553063709660851259e+02 7.344861805330011940e-08 1.082602208622191094e-02 1.303323087197077318e-02
9.300000000000000000e+03 -3.516928737735684081e+02 8.664931278737826046e-08 1.101173534968995921e-02 1.328054187214821290e-02
9.400000000000000000e+03 -3.498023145832608520e+02 1.140983858043110611e-08 6.729033804739863872e-03 8.319972468079767786e-03
9.500000000000000000e+03 -3.430698015361567741e+02 1.112016172647943503e-07 1.128774435369114468e-02 1.414783347889885141e-02
9.600000000000000000e+03 -3.516430270572808467e+02 6.361650433420491654e-08 1.023719000925534146e-02 1.208686107476974851e-02
9.700000000000000000e+03 -3.473206404790709030e+02 3.205069539724466050e-08 6.957216278288656450e-03 8.775392727971807749e-03
9.800000000000000000e+03 -3.551798003954662590e+02 7.340601222628534769e-08 1.049036117436732453e-02 1.326810145591669245e-02
9.900000000000000000e+03 -3.423516329614442384e+02 9.563141190642080929e-08 1.232895789408549291e-02 1.418443503873873315e-02
1.000000000000000000e+04 -3.453785868399635319e+02 3.128367136053848387e-08 9.425611800413111196e-03 1.143820487674892389e-02
