1.000000000000000000e+03 9.989116345847410915e-15
2.000000000000000000e+03 5.301465043864169221e-17
3.000000000000000000e+03 2.357137260714396902e-17
4.000000000000000000e+03 5.129050101295841259e-18
5.000000000000000000e+03 3.234113882483496197e-18
6.000000000000000000e+03 2.434312374538280393e-18
7.000000000000000000e+03 1.663338333204606943e-18
8.000000000000000000e+03 1.250787619015401107e-18
9.000000000000000000e+03 1.153231137599706385e-18
1.000000000000000000e+04 1.119965802309455579e-18
1.100000000000000000e+04 0.000000000000000000e+00
