1.000000000000000000e+02 1.116782499668814328e-03
2.000000000000000000e+02 8.431981309096905582e-05
3.000000000000000000e+02 3.220450316282631704e-05
4.000000000000000000e+02 2.654283510501027872e-06
5.000000000000000000e+02 6.506906414560383537e-06
6.000000000000000000e+02 1.181904425719613913e-06
7.000000000000000000e+02 4.737078775395369583e-07
8.000000000000000000e+02 3.518798971232676413e-07
9.000000000000000000e+02 1.540120826365787666e-07
1.000000000000000000e+03 1.002473172293321284e-07
