1.000000000000000000e+02 4.755154806743080997e-01
2.000000000000000000e+02 1.421136251102556591e-01
3.000000000000000000e+02 5.482093713344601132e-02
4.000000000000000000e+02 3.434689876179312928e-02
5.000000000000000000e+02 1.511742542101072312e-02
6.000000000000000000e+02 3.088635334596578214e-02
7.000000000000000000e+02 4.645075985094873627e-02
8.000000000000000000e+02 2.248784030052244920e-02
9.000000000000000000e+02 1.395133201961381436e-02
1.000000000000000000e+03 2.349032120669615822e-02
