1.000000000000000000e+03 9.468741959318666635e-08
2.000000000000000000e+03 4.053999736622162329e-08
3.000000000000000000e+03 4.063644562732422787e-08
4.000000000000000000e+03 3.246778059545336157e-08
5.000000000000000000e+03 2.691949373833596797e-08
6.000000000000000000e+03 2.607344353798355341e-08
7.000000000000000000e+03 2.679323467394997896e-08
8.000000000000000000e+03 2.098754283411743055e-08
9.000000000000000000e+03 1.985629936807271638e-08
1.000000000000000000e+04 1.861505031303623352e-08
1.100000000000000000e+04 0.000000000000000000e+00
