1.000000000000000000e+02 -3.261444489488310339e+00 9.097126126927032597e-02 1.416420675908556526e-01 1.685487454077548852e-01
2.000000000000000000e+02 -3.349112451299480320e+00 3.922742247384335135e-02 5.836221210121286807e-02 7.732518703905065516e-02
3.000000000000000000e+02 -3.407403715338371164e+00 1.789413380369161977e-02 2.858209541082338753e-02 4.061691914492318589e-02
4.000000000000000000e+02 -3.262026063464507075e+00 1.434522955546483312e-02 2.045927835767454711e-02 2.566876309818194243e-02
5.000000000000000000e+02 -3.255903033906736965e+00 8.193044609790868862e-03 1.278059960948341178e-02 1.752031589884898294e-02
6.000000000000000000e+02 -3.471969126367768332e+00 1.338500076294999591e-02 1.840114567447716579e-02 2.609359379786387045e-02
7.000000000000000000e+02 -3.461624809018449156e+00 1.744399916516370733e-02 2.091660509166562779e-02 3.531818606159292662e-02
8.000000000000000000e+02 -3.367187261385645058e+00 9.775066864292540972e-03 1.145560802063104282e-02 2.096755379664274124e-02
9.000000000000000000e+02 -3.449056154317556633e+00 1.090015529867527366e-02 1.473634450086795666e-02 2.012518928541472130e-02
1.000000000000000000e+03 -3.412287568923306758e+00 2.011962502654728729e-02 2.497281897225135314e-02 3.949874722815038819e-02
1.100000000000000000e+03 -3.465580453297794961e+00 1.521318348860997878e-02 1.917696179796926637e-02 3.223008823202924006e-02
1.200000000000000000e+03 -3.379909549828603588e+00 1.180338046977530767e-02 1.788940438744694716e-02 2.571829081852328863e-02
1.300000000000000000e+03 -3.376313149963576343e+00 8.480877835784968524e-03 1.173402280913241578e-02 1.933271280446942006e-02
1.400000000000000000e+03 -3.430254427835607522e+00 7.398067762890442149e-03 1.063958410338447340e-02 1.503014117588524941e-02
1.500000000000000000e+03 -3.516921592542797015e+00 1.408199879220192567e-02 1.691941923347993829e-02 2.414561302065823881e-02
1.600000000000000000e+03 -3.407103118808879394e+00 7.018707603514594967e-03 1.091879991626476532e-02 1.528271106898078206e-02
1.700000000000000000e+03 -3.338367507528347211e+00 6.826083411150753351e-03 1.193526486872627246e-02 1.431530320422087429e-02
1.800000000000000000e+03 -3.425689409752350478e+00 1.110897440674208335e-02 1.667989576374882474e-02 2.016139631521274636e-02
1.900000000000000000e+03 -3.437122279202042385e+00 7.248247618097808376e-03 1.124865998745934459e-02 1.353010652337174533e-02
2.000000000000000000e+03 -3.478625314789156597e+00 5.404693538255497809e-03 1.023327243031348088e-02 1.205225283260450211e-02
2.100000000000000000e+03 -3.354524782122191517e+00 5.533924930855776969e-03 1.024805284484545283e-02 1.351553530911147466e-02
2.200000000000000000e+03 -3.317492881021620654e+00 8.643652200388495660e-03 1.632624009611640184e-02 2.019609201806909365e-02
2.300000000000000000e+03 -3.293019046172577013e+00 5.468073537470532000e-03 9.970636834795480741e-03 1.342249497596514907e-02
2.400000000000000000e+03 -3.180575755205503619e+00 8.073965854981617410e-03 1.410818909136708418e-02 1.768570391054383531e-02
2.500000000000000000e+03 -3.328560273510551504e+00 6.734417685725962478e-03 1.053286878846747439e-02 1.479796554135116328e-02
2.600000000000000000e+03 -3.342283994872731867e+00 8.467010438002168030e-03 1.247465820808697258e-02 1.760634311300621549e-02
2.700000000000000000e+03 -3.339613463973599927e+00 8.504386028988749832e-03 1.671251203154338130e-02 1.951799407576484610e-02
2.800000000000000000e+03 -3.419777934661719421e+00 1.548567798831073337e-02 2.015934427316923988e-02 2.834055796932304430e-02
2.900000000000000000e+03 -3.323810527213776567e+00 1.062900895277829431e-02 1.530389224894522331e-02 2.225707168933302449e-02
3.000000000000000000e+03 -3.417507174908707590e+00 1.475051005120615530e-02 2.164783035209118939e-02 2.744045111618201999e-02
3.100000000000000000e+03 -3.364093283053384731e+00 7.554922730515208594e-03 1.183650170846762759e-02 1.516394872940173694e-02
3.200000000000000000e+03 -3.297687969469198066e+00 1.269114168360218307e-02 1.740974232900268162e-02 2.526135556309347038e-02
3.300000000000000000e+03 -3.389228601291874199e+00 1.701286835870237726e-02 2.302180478453217868e-02 3.284209327226355474e-02
3.400000000000000000e+03 -3.399326030732686021e+00 1.974227117187889527e-02 2.951532415634785383e-02 3.573575651369746697e-02
3.500000000000000000e+03 -3.384085177043026249e+00 7.366928175572399519e-03 9.891120924492994085e-03 1.658054134505664370e-02
3.600000000000000000e+03 -3.416946214847984109e+00 9.648061301752962338e-03 1.299507340161243016e-02 2.331342416941520682e-02
3.700000000000000000e+03 -3.381557725927178737e+00 1.198573206361760145e-02 1.769333726182467648e-02 2.360470350421404323e-02
3.800000000000000000e+03 -3.289465295055101990e+00 8.734588964978435427e-03 1.295056516131789029e-02 1.614718719346776646e-02
3.900000000000000000e+03 -3.168155650682720648e+00 1.026872782396146162e-02 1.555226533572767571e-02 2.393519547520622792e-02
4.000000000000000000e+03 -3.357767233353325942e+00 1.481343701587752373e-02 2.556472457525635691e-02 2.757359483190924276e-02
4.100000000000000000e+03 -3.382081613893983985e+00 6.100873041460235999e-03 1.223658999326581419e-02 1.514936460424233175e-02
4.200000000000000000e+03 -3.498049672403622523e+00 7.187577257987065420e-03 1.077180799329850377e-02 1.624089260910610219e-02
4.300000000000000000e+03 -3.440755464849504008e+00 7.951239616426047929e-03 1.165480377942780706e-02 1.719037061294385535e-02
4.400000000000000000e+03 -3.271026648437464601e+00 9.765018041908830881e-03 1.366540086403269204e-02 1.975485918878696831e-02
4.500000000000000000e+03 -3.382063580848210016e+00 3.716136340767122511e-03 7.040424556659796371e-03 1.070039439403615115e-02
4.600000000000000000e+03 -3.344694144551607629e+00 7.428782128670667097e-03 1.238711762400914775e-02 1.668637375107720477e-02
4.700000000000000000e+03 -3.348597623096995157e+00 1.183192443692752775e-02 1.680512499730504525e-02 2.395089958736990043e-02
4.800000000000000000e+03 -3.398682037999978256e+00 6.869980842931827994e-03 1.047917285949387205e-02 1.459820223473397814e-02
4.900000000000000000e+03 -3.334660520216781165e+00 1.067330060169139998e-02 2.012407156285006202e-02 2.361302305368041810e-02
5.000000000000000000e+03 -3.217408945969228107e+00 1.303792657993209023e-02 1.834853366736827196e-02 2.490442547249072103e-02
5.100000000000000000e+03 -3.237820268551407921e+00 8.613732406382681658e-03 1.289132997796716903e-02 1.685388468925757416e-02
5.200000000000000000e+03 -3.415359953438507290e+00 1.107717239277710222e-02 1.657688675277911236e-02 2.039427088237205990e-02
5.300000000000000000e+03 -3.322695342792256312e+00 7.845822321427621190e-03 1.065993908027957314e-02 1.667903245947596064e-02
5.400000000000000000e+03 -3.339387146249667815e+00 1.030305889475460410e-02 1.790512514126624613e-02 2.182636380693145361e-02
5.500000000000000000e+03 -3.399683839007458630e+00 9.423450677058659020e-03 1.801282226013110888e-02 2.074258278924738172e-02
5.600000000000000000e+03 -3.202534924456593046e+00 5.376217196619661499e-03 1.002009812525660008e-02 1.314368647515720342e-02
5.700000000000000000e+03 -3.336187836828791831e+00 9.035788724853067652e-03 1.398269616593890603e-02 1.703291400949154960e-02
5.800000000000000000e+03 -3.435864670456933112e+00 5.594229571177153360e-03 1.290677888017863553e-02 1.507081579042237815e-02
5.900000000000000000e+03 -3.302293046885678152e+00 6.264321564071451652e-03 1.006427033155758884e-02 1.280385443872634858e-02
6.000000000000000000e+03 -3.393439179029826391e+00 9.481704676963461503e-03 1.421107511161175119e-02 1.937053692077468983e-02
6.100000000000000000e+03 -3.390080421632625018e+00 5.298856092657352503e-03 9.137152970811737371e-03 1.153448641185258680e-02
6.200000000000000000e+03 -3.372500201622853133e+00 5.482266310126601878e-03 9.295933694239122067e-03 1.154109312218800677e-02
6.300000000000000000e+03 -3.419450163569794476e+00 5.348662622927980587e-03 1.070793123394982171e-02 1.257026922789295821e-02
6.400000000000000000e+03 -3.399316672927588989e+00 6.149526124564696876e-03 9.078108267511885571e-03 1.215521142017841894e-02
6.500000000000000000e+03 -3.339313060513721787e+00 5.630510760951366184e-03 9.424564691214592366e-03 1.271783323057731029e-02
6.600000000000000000e+03 -3.272660054149190145e+00 7.292717427766846894e-03 1.174200389893114739e-02 1.381372618141744196e-02
6.700000000000000000e+03 -3.345127724927895230e+00 1.708952308334331024e-02 2.497973769045316872e-02 3.010878911260949503e-02
6.800000000000000000e+03 -3.421788634240074956e+00 1.201782360441958596e-02 1.550358918674659206e-02 2.010119327858516172e-02
6.900000000000000000e+03 -3.252082867292895862e+00 3.999221723521633083e-03 6.867477695299960272e-03 8.442151982872564756e-03
7.000000000000000000e+03 -3.373248221939538993e+00 4.002849569106428813e-03 5.225610349726773907e-03 6.851403110493251535e-03
7.100000000000000000e+03 -3.361547360355609193e+00 5.133777936678062329e-03 9.422029976135098267e-03 1.142907672584281449e-02
7.200000000000000000e+03 -3.368467644462176835e+00 3.130280795159463923e-03 5.442097632698024955e-03 6.955578803733439633e-03
7.300000000000000000e+03 -3.461950244987238356e+00 1.029108945966173728e-02 1.305047614931258496e-02 1.695177799178685871e-02
7.400000000000000000e+03 -3.455835384709585512e+00 1.114201039907449474e-02 1.474349801486876665e-02 1.831716550572959346e-02
7.500000000000000000e+03 -3.370338361958975959e+00 7.306404061075977459e-03 1.165876645751281505e-02 1.469694281374692157e-02
7.600000000000000000e+03 -3.440295445286116305e+00 2.848092542673939190e-03 5.802589935652920951e-03 7.191522546518733586e-03
7.700000000000000000e+03 -3.402845689547044472e+00 5.269109480518095918e-03 8.204402392206796082e-03 9.721174965507815152e-03
7.800000000000000000e+03 -3.528305049795725346e+00 1.061401754102163364e-02 1.739795554372566833e-02 2.064159096115086856e-02
7.900000000000000000e+03 -3.408353951149186933e+00 8.776238243479441911e-03 1.559483354981794356e-02 1.808870519607189836e-02
8.000000000000000000e+03 -3.332623781508266880e+00 1.435609290301412266e-02 1.898521505134811646e-02 2.347943562752148258e-02
8.100000000000000000e+03 -3.300885816870507306e+00 8.649802979809204095e-03 1.485109594612165664e-02 1.714906405928461400e-02
8.200000000000000000e+03 -3.378292030540934299e+00 7.113376659678732027e-03 1.303492252991973049e-02 1.546879523590789264e-02
8.300000000000000000e+03 -3.398992448813550560e+00 7.931864463934523019e-03 1.253018512692441119e-02 1.554818941581775568e-02
8.400000000000000000e+03 -3.255699346966327568e+00 5.837105639991523737e-03 1.084918357208713470e-02 1.300855900852294390e-02
8.500000000000000000e+03 -3.353421189193107388e+00 9.789446937839309942e-03 1.333600029899431605e-02 1.627959662004468608e-02
8.600000000000000000e+03 -3.253449522996837651e+00 8.679444442310660021e-03 1.523398159809615481e-02 1.901415049857869619e-02
8.700000000000000000e+03 -3.320092815520419016e+00 1.050599231276953122e-02 1.669882472906403931e-02 1.934231759515612006e-02
8.800000000000000000e+03 -3.377613145457630139e+00 5.554695813332640938e-03 9.379739264968978835e-03 1.099371784261075728e-02
8.900000000000000000e+03 -3.403764177418357129e+00 6.376750777238021813e-03 1.010692900870358013e-02 1.249188476883130589e-02
9.000000000000000000e+03 -3.379174955389956381e+00 1.454738475813263307e-02 2.206763681387781742e-02 2.762830832731817676e-02
9.100000000000000000e+03 -3.525566417130967523e+00 1.554637709272516793e-02 2.017749784888415651e-02 2.638710850239121136e-02
9.200000000000000000e+03 -3.316045854377692947e+00 8.876773980949376544e-03 1.451053230946998569e-02 1.856689213163012150e-02
9.300000000000000000e+03 -3.296491392940279930e+00 7.432287906136806309e-03 1.102485071212075049e-02 1.561500845587419743e-02
9.400000000000000000e+03 -3.395318700972101311e+00 9.499581389638672019e-03 1.826610792340826322e-02 2.256400298925864342e-02
9.500000000000000000e+03 -3.339993066837188884e+00 1.178828687474583505e-02 1.420480255169528742e-02 1.946989155508179609e-02
9.600000000000000000e+03 -3.335296383231621142e+00 8.063825971072670351e-03 1.071921407959137290e-02 1.420585712440819957e-02
9.700000000000000000e+03 -3.280811399142926632e+00 1.077535359414857202e-02 1.497834827413561595e-02 1.909951452200413929e-02
9.800000000000000000e+03 -3.461614199053145491e+00 9.690094148032520061e-03 1.414647985506979622e-02 1.632012766671266102e-02
9.900000000000000000e+03 -3.265097984485309190e+00 6.232079579971297294e-03 1.427395992686807287e-02 1.626425091043045418e-02
1.000000000000000000e+04 -3.358210202927227606e+00 5.132239363219736651e-03 8.358492374201586736e-03 1.099067301032972434e-02
