1.000000000000000000e+02 8.533825762107245083e+00
2.000000000000000000e+02 8.233962131576600285e+00
3.000000000000000000e+02 8.233247115232778413e+00
4.000000000000000000e+02 8.194339819947058956e+00
5.000000000000000000e+02 8.194974209695608636e+00
6.000000000000000000e+02 8.212579510488231094e+00
7.000000000000000000e+02 8.177371464951672664e+00
8.000000000000000000e+02 8.200577911959033628e+00
9.000000000000000000e+02 8.159701513932775541e+00
1.000000000000000000e+03 8.117987014383706068e+00
