1.000000000000000000e+03 8.114168960780590467e+00
2.000000000000000000e+03 1.720009621175007202e-04
3.000000000000000000e+03 8.731624319408568067e-05
4.000000000000000000e+03 4.533285252043884505e-05
5.000000000000000000e+03 3.894808095815721144e-05
6.000000000000000000e+03 6.342565754638512202e-05
7.000000000000000000e+03 6.046122025494125494e-05
8.000000000000000000e+03 3.939849538074017676e-05
9.000000000000000000e+03 3.257037162270116676e-05
1.000000000000000000e+04 2.682047883130945934e-05
1.100000000000000000e+04 2.730770427999858942e-05
