1.000000000000000000e+02 2.723693575755895679e+01 6.060405165292088725e+00
2.000000000000000000e+02 2.444211614005723376e+01 6.595120138075917460e+00
3.000000000000000000e+02 2.283975223899090778e+01 6.697898759022829829e+00
4.000000000000000000e+02 2.219425837624520881e+01 6.663947624970753658e+00
5.000000000000000000e+02 2.173515361225909359e+01 6.592543821515018720e+00
6.000000000000000000e+02 2.167185657465533666e+01 6.462168620046337963e+00
7.000000000000000000e+02 2.166818199979710613e+01 6.435888485773589629e+00
8.000000000000000000e+02 2.164134538188167411e+01 6.343931120535332369e+00
9.000000000000000000e+02 2.144959755459633399e+01 6.380908717909328232e+00
1.000000000000000000e+03 2.159667693660905385e+01 6.394758085202693287e+00
1.100000000000000000e+03 2.155158463466531416e+01 6.291994870123780892e+00
1.200000000000000000e+03 2.157197736723084347e+01 6.383479254274931236e+00
1.300000000000000000e+03 2.193817160130164012e+01 6.369851606454904669e+00
1.400000000000000000e+03 2.155752375858892833e+01 6.385626434075871494e+00
1.500000000000000000e+03 2.149078299178382068e+01 6.357803902058667411e+00
1.600000000000000000e+03 2.134356348815334670e+01 6.328374642881321677e+00
1.700000000000000000e+03 2.166443708849780236e+01 6.319518761891826486e+00
1.800000000000000000e+03 2.138218796436440527e+01 6.397747820423872689e+00
1.900000000000000000e+03 2.134061165201892862e+01 6.363888065907211455e+00
2.000000000000000000e+03 2.164018268133650835e+01 6.358527992448534505e+00
2.100000000000000000e+03 2.149170670082782308e+01 6.339665519005183825e+00
2.200000000000000000e+03 2.149837212531625852e+01 6.332416314932969748e+00
2.300000000000000000e+03 2.162532542624630949e+01 6.287912199930362434e+00
2.400000000000000000e+03 2.124611719125543630e+01 6.341653219919938245e+00
2.500000000000000000e+03 2.148355189784801667e+01 6.326834141707408321e+00
2.600000000000000000e+03 2.143738135139700773e+01 6.381960746450179300e+00
2.700000000000000000e+03 2.151668888783569145e+01 6.358015612028347086e+00
2.800000000000000000e+03 2.178999998251441639e+01 6.387750263164545750e+00
2.900000000000000000e+03 2.150065605463606744e+01 6.352373917298588246e+00
3.000000000000000000e+03 2.140867703733315608e+01 6.319082967619546132e+00
3.100000000000000000e+03 2.153431980519595612e+01 6.307973578602152465e+00
3.200000000000000000e+03 2.168901694785400736e+01 6.378397603548140893e+00
3.300000000000000000e+03 2.148674266812892242e+01 6.346426753210742788e+00
3.400000000000000000e+03 2.150530023655781520e+01 6.348644112500231529e+00
3.500000000000000000e+03 2.161438047137382767e+01 6.340129460098220981e+00
3.600000000000000000e+03 2.144845764398622734e+01 6.365642635698247176e+00
3.700000000000000000e+03 2.156391303183506736e+01 6.309035715461126514e+00
3.800000000000000000e+03 2.149451114746508651e+01 6.344173703052304880e+00
3.900000000000000000e+03 2.140824415974191552e+01 6.408808478464036895e+00
4.000000000000000000e+03 2.143856638987625374e+01 6.301180439154224544e+00
4.100000000000000000e+03 2.135092160666997074e+01 6.334051124221527829e+00
4.200000000000000000e+03 2.159634572610289993e+01 6.426978302832197620e+00
4.300000000000000000e+03 2.145814500928386082e+01 6.347602861641306049e+00
4.400000000000000000e+03 2.179126166597230352e+01 6.350200437240493656e+00
4.500000000000000000e+03 2.141820736454031859e+01 6.297010642533613201e+00
4.600000000000000000e+03 2.149206088048000751e+01 6.345331174168107324e+00
4.700000000000000000e+03 2.165293253003796892e+01 6.405430051709338102e+00
4.800000000000000000e+03 2.162062377637878541e+01 6.362967039830270011e+00
4.900000000000000000e+03 2.153532466651238053e+01 6.377964646652882763e+00
5.000000000000000000e+03 2.154761630962131136e+01 6.324334393978863211e+00
5.100000000000000000e+03 2.141721072474657106e+01 6.343441433706105137e+00
5.200000000000000000e+03 2.138976815117748842e+01 6.311602120040306296e+00
5.300000000000000000e+03 2.123448465617957837e+01 6.376382567506266419e+00
5.400000000000000000e+03 2.157690314505715179e+01 6.333256368135606884e+00
5.500000000000000000e+03 2.147010121296877116e+01 6.313091765596813509e+00
5.600000000000000000e+03 2.139467645129613160e+01 6.319204694008668355e+00
5.700000000000000000e+03 2.137701507484824504e+01 6.353619751197473242e+00
5.800000000000000000e+03 2.144296602827613185e+01 6.331898087156412558e+00
5.900000000000000000e+03 2.156299154558772102e+01 6.346387516695701336e+00
6.000000000000000000e+03 2.136592532306229231e+01 6.348801585914046086e+00
6.100000000000000000e+03 2.153703410932272178e+01 6.340097608140980334e+00
6.200000000000000000e+03 2.158522629432532725e+01 6.354941883381118650e+00
6.300000000000000000e+03 2.146924370250399150e+01 6.320613128258663060e+00
6.400000000000000000e+03 2.130722132058343377e+01 6.326068127767070060e+00
6.500000000000000000e+03 2.124840969648285238e+01 6.339982283760281057e+00
6.600000000000000000e+03 2.128570193943996003e+01 6.376116010548987134e+00
6.700000000000000000e+03 2.155051064071483680e+01 6.336554879425622566e+00
6.800000000000000000e+03 2.149142760436966171e+01 6.328732996109314612e+00
6.900000000000000000e+03 2.146104879935578680e+01 6.365704989508325973e+00
7.000000000000000000e+03 2.129343330150183888e+01 6.342688124839287234e+00
7.100000000000000000e+03 2.142518402997211879e+01 6.393290376803459907e+00
7.200000000000000000e+03 2.160714006457961034e+01 6.331538168030385272e+00
7.300000000000000000e+03 2.133242236439683026e+01 6.267192823565070015e+00
7.400000000000000000e+03 2.156498748605767446e+01 6.348029751762938488e+00
7.500000000000000000e+03 2.145293445215165917e+01 6.328027897287285874e+00
7.600000000000000000e+03 2.206550801170450882e+01 6.365050300788337445e+00
7.700000000000000000e+03 2.150857238329684762e+01 6.361460742904649024e+00
7.800000000000000000e+03 2.122815020042999379e+01 6.311959362225099568e+00
7.900000000000000000e+03 2.143906894403736629e+01 6.371768821402596039e+00
8.000000000000000000e+03 2.173507308603900157e+01 6.372200196864318933e+00
8.100000000000000000e+03 2.124678077862314041e+01 6.350848804238601097e+00
8.200000000000000000e+03 2.152388696314252670e+01 6.335602097446065173e+00
8.300000000000000000e+03 2.140929720058790409e+01 6.378720836851099918e+00
8.400000000000000000e+03 2.109791178050839733e+01 6.382670619030495374e+00
8.500000000000000000e+03 2.159041160252639813e+01 6.377021795579604913e+00
8.600000000000000000e+03 2.142006379039723640e+01 6.338607141409933199e+00
8.700000000000000000e+03 2.153182408839093753e+01 6.319510175476905189e+00
8.800000000000000000e+03 2.124961856197348453e+01 6.365837685397250034e+00
8.900000000000000000e+03 2.140281475597869587e+01 6.345453763018281457e+00
9.000000000000000000e+03 2.165381196271843933e+01 6.324816302256164313e+00
9.100000000000000000e+03 2.183267569328141988e+01 6.353030632415602064e+00
9.200000000000000000e+03 2.132869990400612181e+01 6.350584645838445397e+00
9.300000000000000000e+03 2.141006626221122033e+01 6.332043310985610240e+00
9.400000000000000000e+03 2.138256633864871503e+01 6.349620338798372288e+00
9.500000000000000000e+03 2.147430230985920474e+01 6.337870431308806118e+00
9.600000000000000000e+03 2.144931222116176173e+01 6.348184597581284727e+00
9.700000000000000000e+03 2.159994594626286002e+01 6.324154168670461651e+00
9.800000000000000000e+03 2.119878581106400972e+01 6.356222793271967042e+00
9.900000000000000000e+03 2.162484428028552941e+01 6.390804043961151315e+00
1.000000000000000000e+04 2.153321997105935992e+01 6.382919176901259206e+00
