1.000000000000000000e+03 8.097940622843816882e+00
2.000000000000000000e+03 1.683627176565310156e-04
3.000000000000000000e+03 7.273368131756093177e-05
4.000000000000000000e+03 6.889341235205121924e-05
5.000000000000000000e+03 5.627029772644690495e-05
6.000000000000000000e+03 3.415376075137057299e-05
7.000000000000000000e+03 3.916839694813422214e-05
8.000000000000000000e+03 2.551994917960966722e-05
9.000000000000000000e+03 2.512404483468403261e-05
1.000000000000000000e+04 2.343913438297228982e-05
1.100000000000000000e+04 3.729494657606626732e-05
1.200000000000000000e+04 2.729299528511487205e-05
1.300000000000000000e+04 2.317941915272375954e-05
1.400000000000000000e+04 2.466345412922258353e-05
1.500000000000000000e+04 2.632704469920289672e-05
1.600000000000000000e+04 2.845697620774597029e-05
1.700000000000000000e+04 2.861292936092899681e-05
1.800000000000000000e+04 1.862876620048458802e-05
1.900000000000000000e+04 2.476366875103012515e-05
2.000000000000000000e+04 2.232134082049752122e-05
2.100000000000000000e+04 1.910258346761135124e-05
