1.000000000000000000e+02 8.518372355408416752e+00 1.423742031496690041e-02
2.000000000000000000e+02 8.546845661049200515e+00 9.527722501745826064e-03
3.000000000000000000e+02 8.527508653218028201e+00 1.126078550565583723e-02
4.000000000000000000e+02 8.531422840947376685e+00 7.217597746014535812e-03
5.000000000000000000e+02 8.525761973714287123e+00 7.910743819060445797e-03
6.000000000000000000e+02 8.544354798098947157e+00 2.437561336375030675e-03
7.000000000000000000e+02 8.535254300925368298e+00 2.256622338170837481e-03
8.000000000000000000e+02 8.542829634142490747e+00 4.088084029486620252e-03
9.000000000000000000e+02 8.547461448327293709e+00 3.134017672093380742e-03
1.000000000000000000e+03 8.552218883675740457e+00 3.342581070112337661e-03
1.100000000000000000e+03 8.521469759074902228e+00 1.736533064043907938e-03
1.200000000000000000e+03 8.516904429013012034e+00 1.636846166972630995e-03
1.300000000000000000e+03 8.553202661887395308e+00 1.661054686782235815e-03
1.400000000000000000e+03 8.523086621100347315e+00 2.995350727910039458e-03
1.500000000000000000e+03 8.514761774896371094e+00 1.116818756899781457e-03
1.600000000000000000e+03 8.520093542624493921e+00 2.778307168845228856e-03
1.700000000000000000e+03 8.515661086568199423e+00 1.961901362503458944e-03
1.800000000000000000e+03 8.515040148277272181e+00 1.462885280018192151e-03
1.900000000000000000e+03 8.513316267161004092e+00 9.037722172130455709e-04
2.000000000000000000e+03 8.506034893028365573e+00 2.291208185123015748e-03
2.100000000000000000e+03 8.528552303351025543e+00 1.802156063116476309e-03
2.200000000000000000e+03 8.518074555586172991e+00 9.973526443422474873e-04
2.300000000000000000e+03 8.530091619086377364e+00 1.053260209961237072e-03
2.400000000000000000e+03 8.517658049430167466e+00 9.351628242930597147e-04
2.500000000000000000e+03 8.497424295780794168e+00 1.318357549615310764e-03
2.600000000000000000e+03 8.558373196984689457e+00 1.091318045326832758e-03
2.700000000000000000e+03 8.530400825039659907e+00 7.741836315941359433e-04
2.800000000000000000e+03 8.515745561695245769e+00 1.015402788278900155e-03
2.900000000000000000e+03 8.524672339887716888e+00 8.122207661711133148e-04
3.000000000000000000e+03 8.551883463450467460e+00 2.188669528424037891e-03
3.100000000000000000e+03 8.552564069324608553e+00 9.458773568097807475e-04
3.200000000000000000e+03 8.484261461990744380e+00 6.086975784578539401e-04
3.300000000000000000e+03 8.531099598975394827e+00 5.627632093773707799e-04
3.400000000000000000e+03 8.482136391668207764e+00 1.089416686980001266e-03
3.500000000000000000e+03 8.539767601846392608e+00 5.842793139288835879e-04
3.600000000000000000e+03 8.516484255589954699e+00 9.147649466472076562e-04
3.700000000000000000e+03 8.511707502196090402e+00 1.342059269387519066e-03
3.800000000000000000e+03 8.506734588547004705e+00 1.576217585148639378e-03
3.900000000000000000e+03 8.539631926567357922e+00 1.377377211913135635e-03
4.000000000000000000e+03 8.538300690655368896e+00 1.162545434145229170e-03
4.100000000000000000e+03 8.505268382718409015e+00 2.188397572251033363e-03
4.200000000000000000e+03 8.542432712862080280e+00 1.065457215133062312e-03
4.300000000000000000e+03 8.515453727833586228e+00 1.120963134714598628e-03
4.400000000000000000e+03 8.503175857710033370e+00 8.336357424446932864e-04
4.500000000000000000e+03 8.538856990206927122e+00 9.181474892024473399e-04
4.600000000000000000e+03 8.536297506157502823e+00 5.069429288195012638e-04
4.700000000000000000e+03 8.526151143267561849e+00 5.756822146537525584e-04
4.800000000000000000e+03 8.523246439716896106e+00 7.000665940482010945e-04
4.900000000000000000e+03 8.543727021060739446e+00 8.536470253276555757e-04
5.000000000000000000e+03 8.532128690801544124e+00 1.043939793619370763e-03
5.100000000000000000e+03 8.509161900765580100e+00 6.982925886509324569e-04
5.200000000000000000e+03 8.556370886650309870e+00 9.202825111198842866e-04
5.300000000000000000e+03 8.509259287806660410e+00 1.069348842384306103e-03
5.400000000000000000e+03 8.520875162780791712e+00 8.341610762993739757e-04
5.500000000000000000e+03 8.556103885676884957e+00 6.869466495059645475e-04
5.600000000000000000e+03 8.498069409204969560e+00 1.068071366348383134e-03
5.700000000000000000e+03 8.527960529801564604e+00 1.130762829587185405e-03
5.800000000000000000e+03 8.550411246572165780e+00 6.885569938880449969e-04
5.900000000000000000e+03 8.528428257729537165e+00 7.221996142259525181e-04
6.000000000000000000e+03 8.531322729717937037e+00 5.648044058602512451e-04
6.100000000000000000e+03 8.524992319345344072e+00 5.223008482776853555e-04
6.200000000000000000e+03 8.526096756165591373e+00 6.706144231646973342e-04
6.300000000000000000e+03 8.506827877915347003e+00 4.182027659952414168e-04
6.400000000000000000e+03 8.517509820037208357e+00 3.488414549538819301e-04
6.500000000000000000e+03 8.495546562484483033e+00 3.307598675740052265e-04
6.600000000000000000e+03 8.530003173279833817e+00 1.052502514531450297e-03
6.700000000000000000e+03 8.560673414343533238e+00 1.478233729952091197e-03
6.800000000000000000e+03 8.485713414074982808e+00 1.514589867486031789e-03
6.900000000000000000e+03 8.522496422454247877e+00 1.005402932783693460e-03
7.000000000000000000e+03 8.547284890445228100e+00 4.840704799693844058e-04
7.100000000000000000e+03 8.545291446696737125e+00 4.483635034836811416e-04
7.200000000000000000e+03 8.541986323560061933e+00 5.138708584098282840e-04
7.300000000000000000e+03 8.529364498125364236e+00 5.803531947400767440e-04
7.400000000000000000e+03 8.520420679570104738e+00 4.807042365833056100e-04
7.500000000000000000e+03 8.548509089655425441e+00 5.823848436887190663e-04
7.600000000000000000e+03 8.509060102168957584e+00 6.506599714680548095e-04
7.700000000000000000e+03 8.531099746300816022e+00 3.615039619593974989e-04
7.800000000000000000e+03 8.548534114445482501e+00 1.893871982537525340e-04
7.900000000000000000e+03 8.512547142919949295e+00 2.656568762921737714e-04
8.000000000000000000e+03 8.523476359997472329e+00 1.508936626140603885e-04
8.100000000000000000e+03 8.523401330156504585e+00 2.057416273156474065e-04
8.200000000000000000e+03 8.533501683587438436e+00 4.089802229734869820e-04
8.300000000000000000e+03 8.544263359630434707e+00 3.888702561068595512e-04
8.400000000000000000e+03 8.500736955751648338e+00 2.673667092400175741e-04
8.500000000000000000e+03 8.508571609748473819e+00 3.182404110444054515e-04
8.600000000000000000e+03 8.506601427537402671e+00 2.411064407483745837e-04
8.700000000000000000e+03 8.495379815903277176e+00 2.267662953869482086e-04
8.800000000000000000e+03 8.541261423591093305e+00 1.542687839941861070e-04
8.900000000000000000e+03 8.532937484528197558e+00 1.270187220595220192e-04
9.000000000000000000e+03 8.506909209904677027e+00 1.216270826347104819e-04
9.100000000000000000e+03 8.537734709105775366e+00 1.014687825497355948e-04
9.200000000000000000e+03 8.516103561293975943e+00 3.180953465288301088e-04
9.300000000000000000e+03 8.554091776750070153e+00 1.050715522060021974e-03
9.400000000000000000e+03 8.560355849132411876e+00 7.953803803101587360e-04
9.500000000000000000e+03 8.585750141543488922e+00 4.537119300973231411e-04
9.600000000000000000e+03 8.530768834551299307e+00 2.725019857943237469e-04
9.700000000000000000e+03 8.516446164689584819e+00 3.786142781804642228e-04
9.800000000000000000e+03 8.545676294826572317e+00 2.034532072730708095e-04
9.900000000000000000e+03 8.534483808092788948e+00 8.108635777490089450e-05
1.000000000000000000e+04 8.517709841413342531e+00 2.020400178782292893e-04
