1.000000000000000000e+02 8.516758110583033670e+00
2.000000000000000000e+02 8.217494207313448484e+00
3.000000000000000000e+02 8.216780621002314433e+00
4.000000000000000000e+02 8.177951140307165190e+00
5.000000000000000000e+02 8.178584261276336420e+00
6.000000000000000000e+02 8.196154351466438115e+00
7.000000000000000000e+02 8.161016722019507341e+00
8.000000000000000000e+02 8.184176756134926123e+00
9.000000000000000000e+02 8.143382110892813941e+00
1.000000000000000000e+03 8.101751040340786858e+00
