1.000000000000000000e+02 2.142389224211556975e+00 2.040989312575882675e+00
2.000000000000000000e+02 2.134142708009823863e+00 2.089214243290492323e+00
3.000000000000000000e+02 2.135019136416553387e+00 2.079764378740028619e+00
4.000000000000000000e+02 2.125220626464360496e+00 2.105875212330909019e+00
5.000000000000000000e+02 2.124688502670095680e+00 2.091873096005568478e+00
6.000000000000000000e+02 2.124208510399760996e+00 2.091775740672729089e+00
7.000000000000000000e+02 2.120018685313055151e+00 2.085013954364542066e+00
8.000000000000000000e+02 2.115580570821347095e+00 2.083778751046718725e+00
9.000000000000000000e+02 2.100154419949894713e+00 2.096502722376098582e+00
1.000000000000000000e+03 2.112319571014669606e+00 2.075655027328145330e+00
1.100000000000000000e+03 2.107343979788676158e+00 2.085787777436491464e+00
1.200000000000000000e+03 2.104190793769789014e+00 2.087585823174793909e+00
1.300000000000000000e+03 2.128339754606084711e+00 2.083796659242070248e+00
1.400000000000000000e+03 2.102107818688831120e+00 2.088319377324258763e+00
1.500000000000000000e+03 2.094805323633082139e+00 2.104963526768444115e+00
1.600000000000000000e+03 2.084738570422179915e+00 2.105517840376283978e+00
1.700000000000000000e+03 2.100042498941923963e+00 2.091410820304155482e+00
1.800000000000000000e+03 2.073910181467333302e+00 2.144755883958488596e+00
1.900000000000000000e+03 2.064578186601616405e+00 2.135709830481872462e+00
2.000000000000000000e+03 2.080797706828815929e+00 2.152322118874774759e+00
2.100000000000000000e+03 2.059822668849118799e+00 2.146651750024860306e+00
2.200000000000000000e+03 2.055060872539145489e+00 2.174726233378032170e+00
2.300000000000000000e+03 2.051174359966473126e+00 2.170987054741313038e+00
2.400000000000000000e+03 2.025390272751024234e+00 2.197939826073207925e+00
2.500000000000000000e+03 2.023361126057380499e+00 2.232014378202607396e+00
2.600000000000000000e+03 2.040789675739846487e+00 2.223094917011424254e+00
2.700000000000000000e+03 2.041169629440923394e+00 2.223779218768109800e+00
2.800000000000000000e+03 2.053196455819440214e+00 2.202448671316971751e+00
2.900000000000000000e+03 2.028721443673964231e+00 2.217328272780467735e+00
3.000000000000000000e+03 2.025992875576575258e+00 2.225809166835922337e+00
3.100000000000000000e+03 2.022913359567505953e+00 2.239016606866607084e+00
3.200000000000000000e+03 2.037378663253992084e+00 2.246474129304001810e+00
3.300000000000000000e+03 2.023174219872988733e+00 2.236543799554694179e+00
3.400000000000000000e+03 2.026485943026787417e+00 2.206872889072549082e+00
3.500000000000000000e+03 2.040860599594778169e+00 2.244877840052403872e+00
3.600000000000000000e+03 2.020593873939226626e+00 2.267768318318998944e+00
3.700000000000000000e+03 2.026058160102355732e+00 2.258295482322102643e+00
3.800000000000000000e+03 2.026685096662715679e+00 2.240632787567820916e+00
3.900000000000000000e+03 2.006761626211162053e+00 2.251375190604223864e+00
4.000000000000000000e+03 2.021139320943121209e+00 2.256992153746665508e+00
4.100000000000000000e+03 2.000541495255720559e+00 2.248868654088586272e+00
4.200000000000000000e+03 2.034987414669950923e+00 2.268680563821142027e+00
4.300000000000000000e+03 2.000144168143914492e+00 2.266053341154909528e+00
4.400000000000000000e+03 2.041355896623890054e+00 2.241937282045468383e+00
4.500000000000000000e+03 2.003056538745852766e+00 2.260240529400565190e+00
4.600000000000000000e+03 2.006855935270955626e+00 2.234120924227178673e+00
4.700000000000000000e+03 2.030328837889870730e+00 2.269216531005693760e+00
4.800000000000000000e+03 2.031416777633428872e+00 2.264864278055365165e+00
4.900000000000000000e+03 2.034094506649618328e+00 2.263994097946472994e+00
5.000000000000000000e+03 2.015721009228464755e+00 2.248064704667381175e+00
5.100000000000000000e+03 2.001475524653813842e+00 2.262367388542137814e+00
5.200000000000000000e+03 2.001788448640988705e+00 2.269273765495557260e+00
5.300000000000000000e+03 2.004349999923133119e+00 2.251890191982196754e+00
5.400000000000000000e+03 2.034877964053147359e+00 2.268719393756748026e+00
5.500000000000000000e+03 2.022614145944389819e+00 2.253324693018703861e+00
5.600000000000000000e+03 1.995832923371763545e+00 2.266858567278241310e+00
5.700000000000000000e+03 2.006352109449537124e+00 2.265646264962126732e+00
5.800000000000000000e+03 2.008008025846102829e+00 2.281528755456911473e+00
5.900000000000000000e+03 2.018924104460293911e+00 2.259835306533045873e+00
6.000000000000000000e+03 2.009642990133212237e+00 2.251204664508554387e+00
6.100000000000000000e+03 2.027093006766907735e+00 2.272336366817995668e+00
6.200000000000000000e+03 2.019617198445151640e+00 2.272266898982301608e+00
6.300000000000000000e+03 2.030885173488568007e+00 2.268376035400033963e+00
6.400000000000000000e+03 1.998410623232281136e+00 2.274329319415904660e+00
6.500000000000000000e+03 1.999787193295208931e+00 2.260715913903488694e+00
6.600000000000000000e+03 2.001208878127824775e+00 2.257137747001725536e+00
6.700000000000000000e+03 2.025346686166515475e+00 2.265833625741398905e+00
6.800000000000000000e+03 2.011952506522827200e+00 2.272029142863380979e+00
6.900000000000000000e+03 2.003653834456128102e+00 2.256618809293604144e+00
7.000000000000000000e+03 1.995536036875500630e+00 2.269253227506113468e+00
7.100000000000000000e+03 2.001573466367628562e+00 2.269743771866710613e+00
7.200000000000000000e+03 2.010788770751076537e+00 2.262456516893130765e+00
7.300000000000000000e+03 1.993362800263539514e+00 2.266337164854316910e+00
7.400000000000000000e+03 2.032315726357095453e+00 2.259735969921253140e+00
7.500000000000000000e+03 2.008154242821459157e+00 2.267769594959016644e+00
7.600000000000000000e+03 2.066671252794211266e+00 2.251538959794596728e+00
7.700000000000000000e+03 2.019996889043063959e+00 2.271972423750301839e+00
7.800000000000000000e+03 2.002024651073775363e+00 2.266954119947935276e+00
7.900000000000000000e+03 1.989449115869083018e+00 2.275633291628229582e+00
8.000000000000000000e+03 2.031827102882958425e+00 2.256433868529004183e+00
8.100000000000000000e+03 2.001296854003724590e+00 2.273714355746139226e+00
8.200000000000000000e+03 2.008894389467354102e+00 2.255895314156045828e+00
8.300000000000000000e+03 2.000574740901180260e+00 2.273647783607513517e+00
8.400000000000000000e+03 2.002981807772016953e+00 2.288463581294473581e+00
8.500000000000000000e+03 2.014801398614207706e+00 2.259548656747699891e+00
8.600000000000000000e+03 2.000792542278150510e+00 2.277260215882146444e+00
8.700000000000000000e+03 2.013741738772354406e+00 2.275340216038467478e+00
8.800000000000000000e+03 1.997639014637864197e+00 2.255227317102187712e+00
8.900000000000000000e+03 2.002648641290256659e+00 2.278340498640448519e+00
9.000000000000000000e+03 2.036039501528102313e+00 2.281923717614446456e+00
9.100000000000000000e+03 2.028789584978115457e+00 2.248730040459560708e+00
9.200000000000000000e+03 1.997113912803017532e+00 2.273805051776919051e+00
9.300000000000000000e+03 1.998589512935936341e+00 2.260833419853885751e+00
9.400000000000000000e+03 2.005182632167371803e+00 2.277011465428758097e+00
9.500000000000000000e+03 2.012482789317131537e+00 2.275485118735966150e+00
9.600000000000000000e+03 2.008787774301084017e+00 2.276141582829789289e+00
9.700000000000000000e+03 2.021731472568567334e+00 2.272947776441336831e+00
9.800000000000000000e+03 1.994454253475778094e+00 2.278770699618356765e+00
9.900000000000000000e+03 2.032726270538776525e+00 2.273767813752392453e+00
1.000000000000000000e+04 2.022939076594659991e+00 2.276411358907678206e+00
