1.000000000000000000e+03 9.998899985290212733e-01
1.100000000000000000e+03 6.968833218858443423e-01
1.200000000000000000e+03 2.690601695266797710e-01
1.300000000000000000e+03 1.497889300115830824e-01
1.400000000000000000e+03 9.508684200865499814e-02
1.500000000000000000e+03 9.546357726460442950e-02
1.600000000000000000e+03 7.409500150178569000e-02
1.700000000000000000e+03 6.238137831536680333e-02
1.800000000000000000e+03 5.542551035325605363e-02
1.900000000000000000e+03 4.981518989911723483e-02
2.000000000000000000e+03 4.849523486079514167e-02
2.100000000000000000e+03 4.354473306437493807e-02
2.200000000000000000e+03 3.960501007309479710e-02
2.300000000000000000e+03 3.642513667393686844e-02
2.400000000000000000e+03 3.357274042704258554e-02
2.500000000000000000e+03 4.084082664420404796e-02
2.600000000000000000e+03 3.778508598183144551e-02
2.700000000000000000e+03 3.551979713683671436e-02
2.800000000000000000e+03 3.358469419103984888e-02
2.900000000000000000e+03 3.191025170119346499e-02
3.000000000000000000e+03 3.276473177033472489e-02
3.100000000000000000e+03 3.092873502027854854e-02
3.200000000000000000e+03 2.965073742987975325e-02
3.300000000000000000e+03 2.844850939836599674e-02
3.400000000000000000e+03 2.747734546855736329e-02
3.500000000000000000e+03 3.043654861932097028e-02
3.600000000000000000e+03 2.911743829761720415e-02
3.700000000000000000e+03 2.821095996537661965e-02
3.800000000000000000e+03 2.724626044899043642e-02
3.900000000000000000e+03 2.651241865344433624e-02
4.000000000000000000e+03 2.829386443155967878e-02
4.100000000000000000e+03 2.711119661732491054e-02
4.200000000000000000e+03 2.639383387598578240e-02
4.300000000000000000e+03 2.571331750798844934e-02
4.400000000000000000e+03 2.516541251722343581e-02
4.500000000000000000e+03 2.580364974416177182e-02
4.600000000000000000e+03 2.507698581432411117e-02
4.700000000000000000e+03 2.456907406730949109e-02
4.800000000000000000e+03 2.412564295307748075e-02
4.900000000000000000e+03 2.367405168508632252e-02
5.000000000000000000e+03 2.472124746157472464e-02
5.100000000000000000e+03 2.400248532802351509e-02
5.200000000000000000e+03 2.353794835773333899e-02
5.300000000000000000e+03 2.315856659127469436e-02
5.400000000000000000e+03 2.285944872754173962e-02
5.500000000000000000e+03 2.363060915657595393e-02
5.600000000000000000e+03 2.293299648652554618e-02
5.700000000000000000e+03 2.257302312006821687e-02
5.800000000000000000e+03 2.227085770379685220e-02
5.900000000000000000e+03 2.199560249137388207e-02
6.000000000000000000e+03 2.436177695714352928e-02
6.100000000000000000e+03 2.348375465104671905e-02
6.200000000000000000e+03 2.306962818315264410e-02
6.300000000000000000e+03 2.282465000899139285e-02
6.400000000000000000e+03 2.259141276174536292e-02
6.500000000000000000e+03 2.327204259787763602e-02
6.600000000000000000e+03 2.214003873856300667e-02
6.700000000000000000e+03 2.174246625746542594e-02
6.800000000000000000e+03 2.144552072160887252e-02
6.900000000000000000e+03 2.115604522796134257e-02
7.000000000000000000e+03 2.345455016670310380e-02
7.100000000000000000e+03 2.244557631878221077e-02
7.200000000000000000e+03 2.212150941506283580e-02
7.300000000000000000e+03 2.186944550453716329e-02
7.400000000000000000e+03 2.156851153544509653e-02
7.500000000000000000e+03 2.310526450685563074e-02
7.600000000000000000e+03 2.158532973158019258e-02
7.700000000000000000e+03 2.104807672723235309e-02
7.800000000000000000e+03 2.077013965974628534e-02
7.900000000000000000e+03 2.054806779511043208e-02
8.000000000000000000e+03 2.289769326625936893e-02
8.100000000000000000e+03 2.191623385053696055e-02
8.200000000000000000e+03 2.143504322345000240e-02
8.300000000000000000e+03 2.113412150190527999e-02
8.400000000000000000e+03 2.085737606655834256e-02
8.500000000000000000e+03 2.320308445304945788e-02
8.600000000000000000e+03 2.144500813466144323e-02
8.700000000000000000e+03 2.088719831942730670e-02
8.800000000000000000e+03 2.067073644501398605e-02
8.900000000000000000e+03 2.049950192730181503e-02
9.000000000000000000e+03 2.272961018873821681e-02
9.100000000000000000e+03 2.138674531882903129e-02
9.200000000000000000e+03 2.084597646752088529e-02
9.300000000000000000e+03 2.063296690970616021e-02
9.400000000000000000e+03 2.044339327016849242e-02
9.500000000000000000e+03 2.253509014458143778e-02
9.600000000000000000e+03 2.111966682545868973e-02
9.700000000000000000e+03 2.065852807295730925e-02
9.800000000000000000e+03 2.043475454631757393e-02
9.900000000000000000e+03 2.023734795691038701e-02
1.000000000000000000e+04 2.287157273961452214e-02
1.010000000000000000e+04 2.141520129687343038e-02
1.020000000000000000e+04 2.074623225408571067e-02
1.030000000000000000e+04 2.051146506934444988e-02
1.040000000000000000e+04 2.034431828229985029e-02
1.050000000000000000e+04 2.238033080463834937e-02
1.060000000000000000e+04 2.089686683969355085e-02
1.070000000000000000e+04 2.035064554322150304e-02
1.080000000000000000e+04 2.014566026522059128e-02
1.090000000000000000e+04 1.998451858806152281e-02
1.100000000000000000e+04 0.000000000000000000e+00
