1.000000000000000000e+02 1.305504758805449139e+00
2.000000000000000000e+02 1.160421774114620996e+00
3.000000000000000000e+02 1.060562149032537205e+00
4.000000000000000000e+02 1.023814140419516905e+00
5.000000000000000000e+02 1.021007611375554847e+00
6.000000000000000000e+02 1.039042078320542739e+00
7.000000000000000000e+02 1.016309238901839995e+00
8.000000000000000000e+02 1.006307328244110177e+00
9.000000000000000000e+02 1.043847147805238906e+00
1.000000000000000000e+03 1.017516713685353125e+00
